asv_id	sample_1	sample_2	sample_3	sample_4	sample_5	sample_6	sample_7	sample_8	sample_9	sample_10	sample_11	sample_12	sample_13
ASV_1	15	9	13	13	7	15	10	0	0	0	0	0	0
ASV_3	12	3	6	0	8	0	12	0	0	0	14	11	10
ASV_4	165	93	145	82	165	4	108	57	84	19	61	65	106
ASV_5	110	138	102	197	82	150	144	25	13	10	0	43	10
ASV_6	0	1	20	22	6	1	2	0	0	0	3	3	0
ASV_7	2	2	2	0	0	0	0	0	0	0	0	2	0
ASV_8	111	48	61	73	70	47	43	4	21	8	21	54	26
ASV_9	27	0	33	69	66	53	35	0	0	0	39	22	40
ASV_10	17	19	12	11	16	16	20	0	0	0	0	2	6
ASV_11	0	12	0	0	0	0	0	2	18	1	0	0	16
ASV_12	198	69	138	156	131	59	224	32	40	0	43	81	23
ASV_13	311	299	266	248	236	326	239	204	174	51	213	139	220
ASV_14	81	95	202	210	185	117	163	0	20	0	141	89	70
ASV_15	16	21	48	53	0	34	19	0	9	0	0	34	36
ASV_17	14	17	0	54	27	9	0	0	13	0	0	15	15
ASV_18	0	0	0	0	0	0	0	0	310	252	103	0	106
ASV_19	252	54	141	126	116	113	155	0	6	16	28	34	41
ASV_20	40	0	19	4	0	15	17	0	0	0	0	0	0
ASV_21	198	295	371	262	111	174	306	89	0	85	105	28	65
ASV_22	24	8	22	15	23	23	7	0	0	0	5	3	0
ASV_23	6	0	16	0	20	0	0	19	0	10	0	2	0
ASV_24	0	0	5	0	1	0	2	0	0	0	0	0	1
ASV_26	173	143	262	197	138	148	188	36	47	0	73	83	63
ASV_27	221	52	214	217	140	33	110	42	33	7	89	149	87
ASV_28	0	0	52	135	84	35	0	0	0	0	0	4	0
ASV_29	138	72	221	179	127	136	164	0	11	2	40	58	16
ASV_30	40	32	31	27	32	28	42	9	0	0	5	0	0
ASV_31	36	0	43	33	0	0	30	81	39	0	47	32	26
ASV_32	0	0	0	0	0	0	0	16	5	0	0	0	2
ASV_33	19	0	13	16	18	12	0	0	0	0	0	6	0
ASV_34	3	19	0	10	0	2	0	21	16	60	31	62	44
ASV_35	19	0	31	0	40	0	16	0	0	51	36	45	19
ASV_36	82	14	56	14	90	41	77	0	46	40	71	61	0
ASV_37	0	4	0	0	0	0	0	0	2	0	0	11	3
ASV_42	206	147	165	202	173	164	200	78	101	32	121	170	52
ASV_43	0	4	11	0	0	0	11	0	0	0	0	0	0
ASV_44	0	0	8	12	0	3	42	0	0	0	0	0	0
ASV_45	21	30	34	10	14	13	115	0	3	2	38	10	0
ASV_46	62	0	69	75	82	57	12	0	0	0	0	25	16
ASV_49	143	101	109	134	116	139	130	29	0	0	29	91	31
ASV_50	560	565	758	836	464	582	672	356	205	132	431	662	333
ASV_51	0	0	3	0	0	0	0	12	28	55	6	0	7
ASV_52	0	0	0	19	22	8	4	0	0	0	0	0	0
ASV_53	14	0	0	0	0	0	9	0	18	0	3	0	0
ASV_56	95	98	91	98	128	103	96	23	29	0	47	56	41
ASV_57	47	56	73	42	29	34	44	0	0	0	22	16	12
ASV_58	18	9	14	3	24	16	13	0	4	0	12	14	0
ASV_59	33	54	42	58	33	36	43	0	0	5	13	18	14
ASV_60	182	198	250	303	222	228	193	0	16	19	59	101	61
ASV_61	76	80	89	128	93	71	84	0	31	22	10	44	35
ASV_62	42	19	16	72	29	0	27	0	0	0	8	0	0
ASV_64	17	8	17	25	20	13	18	0	63	0	5	0	30
ASV_65	12	0	48	0	46	47	47	0	11	0	0	0	2
ASV_66	8	23	18	21	12	0	0	0	6	0	2	9	4
ASV_68	64	45	0	76	39	53	39	0	0	0	0	0	0
ASV_69	169	154	133	127	170	2	61	0	0	0	0	0	0
ASV_70	32	30	29	125	88	0	130	0	39	0	0	0	0
ASV_71	30	37	2	32	27	0	31	0	0	0	0	0	0
ASV_72	40	56	37	41	0	0	69	14	9	13	0	22	23
ASV_73	49	84	0	8	0	0	0	37	0	42	1	0	0
ASV_74	62	137	55	80	27	37	48	72	17	53	21	19	24
ASV_75	0	0	22	24	0	0	0	8	0	39	0	0	15
ASV_79	0	0	57	39	60	47	41	0	0	18	3	94	71
ASV_80	0	257	29	22	0	11	0	31	75	0	0	0	0
ASV_85	0	0	0	45	0	16	12	0	29	0	0	0	0
ASV_86	0	0	73	39	0	123	70	11	0	0	0	0	0
ASV_87	114	104	110	133	0	90	128	97	54	30	151	100	89
ASV_88	93	95	102	116	119	41	124	0	2	0	63	50	68
ASV_90	0	0	73	0	33	0	0	0	114	0	0	0	0
ASV_91	0	0	0	0	0	0	0	29	47	35	102	0	35
ASV_92	0	0	2	0	0	0	0	29	58	24	35	0	69
ASV_93	10	0	11	77	2	5	37	9	43	20	6	0	29
ASV_94	0	56	70	63	72	103	60	29	0	0	22	35	20
ASV_95	14	13	23	21	0	17	0	0	17	36	0	0	45
ASV_96	38	21	38	3	0	32	18	0	18	0	40	0	61
ASV_98	0	4	0	0	0	0	0	27	1566	1035	678	53	736
ASV_99	0	3	0	0	0	0	0	0	0	3	0	2	2
ASV_102	0	38	0	0	0	0	0	43	60	58	6	0	0
ASV_103	0	68	89	82	57	31	47	0	0	8	0	0	0
ASV_104	84	81	102	133	127	92	137	0	36	0	48	66	42
ASV_109	0	0	60	89	0	0	0	0	0	111	0	29	53
ASV_110	0	0	36	69	78	46	0	47	140	111	70	147	99
ASV_111	52	45	44	43	67	41	0	0	17	53	0	6	0
ASV_112	35	34	51	72	26	29	26	0	18	31	49	0	1
ASV_113	30	0	24	24	15	0	0	0	0	0	0	0	0
ASV_114	0	9	48	64	46	58	43	0	0	0	3	0	0
ASV_115	0	0	0	0	0	0	0	0	34	24	0	4	17
ASV_117	159	44	0	0	100	203	75	0	0	0	0	0	0
ASV_118	0	0	0	0	1	0	1	0	0	3	0	0	0
ASV_119	52	40	56	77	73	57	47	18	0	0	29	33	22
ASV_120	83	92	16	0	43	0	70	0	0	0	0	0	0
ASV_121	27	0	0	0	21	25	35	0	0	0	38	0	0
ASV_124	0	0	0	0	0	0	0	0	147	0	76	63	14
ASV_125	0	0	0	0	0	9	0	0	10	0	0	6	37
ASV_127	0	0	17	0	0	0	0	0	6	0	45	17	0
ASV_128	73	28	93	73	79	69	60	0	25	0	72	49	41
ASV_129	64	79	95	93	103	90	70	0	41	79	50	0	54
ASV_130	81	63	0	100	72	94	0	79	54	39	46	67	34
ASV_134	145	0	167	237	166	56	78	179	37	3	67	104	98
ASV_135	20	0	8	8	0	0	0	0	0	0	0	0	0
ASV_136	0	6	7	17	0	6	7	0	0	0	0	0	0
ASV_137	123	84	99	159	100	97	103	46	18	0	32	34	17
ASV_138	45	33	33	83	65	68	93	0	0	0	15	25	28
ASV_139	100	46	57	133	106	54	139	0	19	0	47	40	12
ASV_140	0	18	0	0	0	13	0	71	38	35	21	81	14
ASV_141	131	132	379	280	178	42	98	44	92	0	83	166	72
ASV_142	34	0	12	60	13	0	0	0	9	0	20	45	31
ASV_144	0	31	0	0	0	0	0	49	67	233	54	0	100
ASV_145	30	0	105	53	60	15	46	0	0	0	20	0	0
ASV_146	14	9	0	0	24	0	12	0	51	0	21	14	17
ASV_148	85	0	0	49	150	76	179	47	29	0	78	0	43
ASV_149	89	17	72	35	32	25	23	0	0	0	0	0	0
ASV_150	0	43	64	72	0	47	48	0	0	0	92	55	0
ASV_151	0	26	45	0	16	42	11	0	18	0	0	28	0
ASV_152	829	624	855	967	782	825	865	70	364	30	312	784	426
ASV_153	233	286	324	223	336	308	219	62	98	39	197	152	214
ASV_154	33	11	28	31	0	0	0	0	14	0	17	0	0
ASV_158	58	0	0	81	0	0	0	0	0	0	0	61	48
ASV_163	40	20	73	10	23	19	0	0	0	0	0	0	0
ASV_164	20	0	0	14	0	0	0	10	0	0	4	8	0
ASV_165	83	0	61	60	55	0	49	0	0	0	0	0	0
ASV_166	24	0	26	57	34	0	0	0	0	0	0	0	0
ASV_168	6	0	0	0	0	0	17	11	0	0	0	0	0
ASV_169	43	110	84	79	43	48	59	0	0	0	0	0	0
ASV_171	85	18	84	43	42	68	40	0	0	0	49	56	20
ASV_172	81	0	118	0	64	42	87	0	5	0	12	41	32
ASV_173	88	38	58	48	46	74	81	0	0	0	43	26	0
ASV_176	12	0	0	0	16	3	6	0	2	0	0	0	0
ASV_177	0	0	0	0	0	2	0	0	0	0	2	2	0
ASV_178	11	9	27	33	14	12	30	0	0	0	0	13	9
ASV_179	31	0	2	0	9	0	0	0	0	0	0	6	0
ASV_181	38	26	68	37	42	50	0	5	2	0	43	45	16
ASV_182	2	0	14	0	9	0	0	0	0	0	0	0	7
ASV_183	0	2	0	0	0	0	0	0	32	0	7	14	14
ASV_185	14	0	2	2	0	0	2	0	0	0	0	0	0
ASV_187	13	0	0	0	7	5	0	0	0	0	0	0	0
ASV_189	20	17	31	26	23	38	18	49	13	0	45	48	18
ASV_192	26	21	20	0	0	0	0	0	0	0	0	0	0
ASV_195	14	0	0	0	9	0	0	0	0	0	0	44	0
ASV_196	3	0	0	0	0	0	0	0	2	0	9	0	0
ASV_197	0	0	0	46	0	0	7	0	0	0	0	6	0
ASV_201	1	4	0	2	0	0	0	0	0	0	0	6	0
ASV_202	48	58	56	0	35	55	0	0	0	0	0	0	0
ASV_204	2	0	0	2	2	2	0	0	0	0	0	0	0
ASV_207	0	0	0	0	0	0	0	0	117	0	77	13	0
ASV_210	0	0	0	5	0	7	0	0	0	0	3	0	0
ASV_211	0	0	0	3	0	0	2	0	0	0	0	3	0
ASV_221	35	18	24	0	0	0	0	0	0	0	0	0	0
ASV_223	83	43	54	102	55	71	34	47	0	0	0	0	0
ASV_264	0	0	5	9	12	0	0	0	0	0	0	0	0
ASV_273	4	0	0	0	9	0	0	0	0	0	14	0	0